Timecode List:,00:00:11.845,00:00:12.579,00:00:13.247,00:00:15.616,00:00:17.818,00:00:21.321,00:00:21.922,00:00:23.891,00:00:24.992,00:00:27.895,00:00:32.199,00:00:36.270,00:00:37.137,00:00:37.971,00:00:40.607,00:00:43.176,00:00:43.911,00:00:44.678,00:00:48.048,00:00:49.650,00:00:51.251,00:00:52.252,00:00:54.454,00:00:56.657,00:00:58.325,00:01:00.027,00:01:02.663,00:01:07.634,00:01:11.738,00:01:13.040,00:01:15.943,00:01:19.246,00:01:21.982,00:01:24.651,00:01:28.422,00:01:29.856,00:01:30.991,00:01:36.029,00:01:39.900,00:01:41.335,00:01:42.336,00:01:48.041,00:01:50.477,00:01:51.044,00:01:52.212,00:01:53.046,00:01:53.914,00:01:57.951,00:01:59.686,00:02:00.520,00:02:12.432,00:02:14.601,00:02:17.537,00:02:25.512,00:02:26.446,00:02:40.894,00:02:41.828,00:02:43.030,00:02:45.932,00:02:51.905,00:02:57.210,00:02:59.780,00:03:02.716,00:03:05.152,00:03:05.852,00:03:06.887,00:03:07.754,00:03:08.555,00:03:09.456,00:03:10.357,00:03:18.065,00:03:23.770,00:03:32.245,00:03:35.615,00:03:38.185,00:03:40.287,00:03:45.025,00:03:48.762,00:03:49.329,00:03:53.133,00:03:54.067,00:03:55.769,00:04:00.740,00:04:02.709,00:04:05.679,00:04:06.746,00:04:08.181,00:04:09.916,00:04:13.620,00:04:18.091,00:04:19.559,00:04:20.727,00:04:21.528,00:04:22.362,00:04:23.296,00:04:24.097,00:04:27.801,00:04:32.672,00:04:33.473,00:04:34.141,00:04:38.512,00:04:42.883,00:04:44.384,00:04:46.119
Scene Number,Start Frame,Start Timecode,Start Time (seconds),End Frame,End Timecode,End Time (seconds),Length (frames),Length (timecode),Length (seconds)
1,0,00:00:00.000,0.000,355,00:00:11.845,11.845,355,00:00:11.845,11.845
2,355,00:00:11.845,11.845,377,00:00:12.579,12.579,22,00:00:00.734,0.734
3,377,00:00:12.579,12.579,397,00:00:13.247,13.247,20,00:00:00.667,0.667
4,397,00:00:13.247,13.247,468,00:00:15.616,15.616,71,00:00:02.369,2.369
5,468,00:00:15.616,15.616,534,00:00:17.818,17.818,66,00:00:02.202,2.202
6,534,00:00:17.818,17.818,639,00:00:21.321,21.321,105,00:00:03.504,3.504
7,639,00:00:21.321,21.321,657,00:00:21.922,21.922,18,00:00:00.601,0.601
8,657,00:00:21.922,21.922,716,00:00:23.891,23.891,59,00:00:01.969,1.969
9,716,00:00:23.891,23.891,749,00:00:24.992,24.992,33,00:00:01.101,1.101
10,749,00:00:24.992,24.992,836,00:00:27.895,27.895,87,00:00:02.903,2.903
11,836,00:00:27.895,27.895,965,00:00:32.199,32.199,129,00:00:04.304,4.304
12,965,00:00:32.199,32.199,1087,00:00:36.270,36.270,122,00:00:04.071,4.071
13,1087,00:00:36.270,36.270,1113,00:00:37.137,37.137,26,00:00:00.868,0.868
14,1113,00:00:37.137,37.137,1138,00:00:37.971,37.971,25,00:00:00.834,0.834
15,1138,00:00:37.971,37.971,1217,00:00:40.607,40.607,79,00:00:02.636,2.636
16,1217,00:00:40.607,40.607,1294,00:00:43.176,43.176,77,00:00:02.569,2.569
17,1294,00:00:43.176,43.176,1316,00:00:43.911,43.911,22,00:00:00.734,0.734
18,1316,00:00:43.911,43.911,1339,00:00:44.678,44.678,23,00:00:00.767,0.767
19,1339,00:00:44.678,44.678,1440,00:00:48.048,48.048,101,00:00:03.370,3.370
20,1440,00:00:48.048,48.048,1488,00:00:49.650,49.650,48,00:00:01.602,1.602
21,1488,00:00:49.650,49.650,1536,00:00:51.251,51.251,48,00:00:01.602,1.602
22,1536,00:00:51.251,51.251,1566,00:00:52.252,52.252,30,00:00:01.001,1.001
23,1566,00:00:52.252,52.252,1632,00:00:54.454,54.454,66,00:00:02.202,2.202
24,1632,00:00:54.454,54.454,1698,00:00:56.657,56.657,66,00:00:02.202,2.202
25,1698,00:00:56.657,56.657,1748,00:00:58.325,58.325,50,00:00:01.668,1.668
26,1748,00:00:58.325,58.325,1799,00:01:00.027,60.027,51,00:00:01.702,1.702
27,1799,00:01:00.027,60.027,1878,00:01:02.663,62.663,79,00:00:02.636,2.636
28,1878,00:01:02.663,62.663,2027,00:01:07.634,67.634,149,00:00:04.972,4.972
29,2027,00:01:07.634,67.634,2150,00:01:11.738,71.738,123,00:00:04.104,4.104
30,2150,00:01:11.738,71.738,2189,00:01:13.040,73.040,39,00:00:01.301,1.301
31,2189,00:01:13.040,73.040,2276,00:01:15.943,75.943,87,00:00:02.903,2.903
32,2276,00:01:15.943,75.943,2375,00:01:19.246,79.246,99,00:00:03.303,3.303
33,2375,00:01:19.246,79.246,2457,00:01:21.982,81.982,82,00:00:02.736,2.736
34,2457,00:01:21.982,81.982,2537,00:01:24.651,84.651,80,00:00:02.669,2.669
35,2537,00:01:24.651,84.651,2650,00:01:28.422,88.422,113,00:00:03.770,3.770
36,2650,00:01:28.422,88.422,2693,00:01:29.856,89.856,43,00:00:01.435,1.435
37,2693,00:01:29.856,89.856,2727,00:01:30.991,90.991,34,00:00:01.134,1.134
38,2727,00:01:30.991,90.991,2878,00:01:36.029,96.029,151,00:00:05.038,5.038
39,2878,00:01:36.029,96.029,2994,00:01:39.900,99.900,116,00:00:03.871,3.871
40,2994,00:01:39.900,99.900,3037,00:01:41.335,101.335,43,00:00:01.435,1.435
41,3037,00:01:41.335,101.335,3067,00:01:42.336,102.336,30,00:00:01.001,1.001
42,3067,00:01:42.336,102.336,3238,00:01:48.041,108.041,171,00:00:05.706,5.706
43,3238,00:01:48.041,108.041,3311,00:01:50.477,110.477,73,00:00:02.436,2.436
44,3311,00:01:50.477,110.477,3328,00:01:51.044,111.044,17,00:00:00.567,0.567
45,3328,00:01:51.044,111.044,3363,00:01:52.212,112.212,35,00:00:01.168,1.168
46,3363,00:01:52.212,112.212,3388,00:01:53.046,113.046,25,00:00:00.834,0.834
47,3388,00:01:53.046,113.046,3414,00:01:53.914,113.914,26,00:00:00.868,0.868
48,3414,00:01:53.914,113.914,3535,00:01:57.951,117.951,121,00:00:04.037,4.037
49,3535,00:01:57.951,117.951,3587,00:01:59.686,119.686,52,00:00:01.735,1.735
50,3587,00:01:59.686,119.686,3612,00:02:00.520,120.520,25,00:00:00.834,0.834
51,3612,00:02:00.520,120.520,3969,00:02:12.432,132.432,357,00:00:11.912,11.912
52,3969,00:02:12.432,132.432,4034,00:02:14.601,134.601,65,00:00:02.169,2.169
53,4034,00:02:14.601,134.601,4122,00:02:17.537,137.537,88,00:00:02.936,2.936
54,4122,00:02:17.537,137.537,4361,00:02:25.512,145.512,239,00:00:07.975,7.975
55,4361,00:02:25.512,145.512,4389,00:02:26.446,146.446,28,00:00:00.934,0.934
56,4389,00:02:26.446,146.446,4822,00:02:40.894,160.894,433,00:00:14.448,14.448
57,4822,00:02:40.894,160.894,4850,00:02:41.828,161.828,28,00:00:00.934,0.934
58,4850,00:02:41.828,161.828,4886,00:02:43.030,163.030,36,00:00:01.201,1.201
59,4886,00:02:43.030,163.030,4973,00:02:45.932,165.932,87,00:00:02.903,2.903
60,4973,00:02:45.932,165.932,5152,00:02:51.905,171.905,179,00:00:05.973,5.973
61,5152,00:02:51.905,171.905,5311,00:02:57.210,177.210,159,00:00:05.305,5.305
62,5311,00:02:57.210,177.210,5388,00:02:59.780,179.780,77,00:00:02.569,2.569
63,5388,00:02:59.780,179.780,5476,00:03:02.716,182.716,88,00:00:02.936,2.936
64,5476,00:03:02.716,182.716,5549,00:03:05.152,185.152,73,00:00:02.436,2.436
65,5549,00:03:05.152,185.152,5570,00:03:05.852,185.852,21,00:00:00.701,0.701
66,5570,00:03:05.852,185.852,5601,00:03:06.887,186.887,31,00:00:01.034,1.034
67,5601,00:03:06.887,186.887,5627,00:03:07.754,187.754,26,00:00:00.868,0.868
68,5627,00:03:07.754,187.754,5651,00:03:08.555,188.555,24,00:00:00.801,0.801
69,5651,00:03:08.555,188.555,5678,00:03:09.456,189.456,27,00:00:00.901,0.901
70,5678,00:03:09.456,189.456,5705,00:03:10.357,190.357,27,00:00:00.901,0.901
71,5705,00:03:10.357,190.357,5936,00:03:18.065,198.065,231,00:00:07.708,7.708
72,5936,00:03:18.065,198.065,6107,00:03:23.770,203.770,171,00:00:05.706,5.706
73,6107,00:03:23.770,203.770,6361,00:03:32.245,212.245,254,00:00:08.475,8.475
74,6361,00:03:32.245,212.245,6462,00:03:35.615,215.615,101,00:00:03.370,3.370
75,6462,00:03:35.615,215.615,6539,00:03:38.185,218.185,77,00:00:02.569,2.569
76,6539,00:03:38.185,218.185,6602,00:03:40.287,220.287,63,00:00:02.102,2.102
77,6602,00:03:40.287,220.287,6744,00:03:45.025,225.025,142,00:00:04.738,4.738
78,6744,00:03:45.025,225.025,6856,00:03:48.762,228.762,112,00:00:03.737,3.737
79,6856,00:03:48.762,228.762,6873,00:03:49.329,229.329,17,00:00:00.567,0.567
80,6873,00:03:49.329,229.329,6987,00:03:53.133,233.133,114,00:00:03.804,3.804
81,6987,00:03:53.133,233.133,7015,00:03:54.067,234.067,28,00:00:00.934,0.934
82,7015,00:03:54.067,234.067,7066,00:03:55.769,235.769,51,00:00:01.702,1.702
83,7066,00:03:55.769,235.769,7215,00:04:00.740,240.740,149,00:00:04.972,4.972
84,7215,00:04:00.740,240.740,7274,00:04:02.709,242.709,59,00:00:01.969,1.969
85,7274,00:04:02.709,242.709,7363,00:04:05.679,245.679,89,00:00:02.970,2.970
86,7363,00:04:05.679,245.679,7395,00:04:06.746,246.746,32,00:00:01.068,1.068
87,7395,00:04:06.746,246.746,7438,00:04:08.181,248.181,43,00:00:01.435,1.435
88,7438,00:04:08.181,248.181,7490,00:04:09.916,249.916,52,00:00:01.735,1.735
89,7490,00:04:09.916,249.916,7601,00:04:13.620,253.620,111,00:00:03.704,3.704
90,7601,00:04:13.620,253.620,7735,00:04:18.091,258.091,134,00:00:04.471,4.471
91,7735,00:04:18.091,258.091,7779,00:04:19.559,259.559,44,00:00:01.468,1.468
92,7779,00:04:19.559,259.559,7814,00:04:20.727,260.727,35,00:00:01.168,1.168
93,7814,00:04:20.727,260.727,7838,00:04:21.528,261.528,24,00:00:00.801,0.801
94,7838,00:04:21.528,261.528,7863,00:04:22.362,262.362,25,00:00:00.834,0.834
95,7863,00:04:22.362,262.362,7891,00:04:23.296,263.296,28,00:00:00.934,0.934
96,7891,00:04:23.296,263.296,7915,00:04:24.097,264.097,24,00:00:00.801,0.801
97,7915,00:04:24.097,264.097,8026,00:04:27.801,267.801,111,00:00:03.704,3.704
98,8026,00:04:27.801,267.801,8172,00:04:32.672,272.672,146,00:00:04.872,4.872
99,8172,00:04:32.672,272.672,8196,00:04:33.473,273.473,24,00:00:00.801,0.801
100,8196,00:04:33.473,273.473,8216,00:04:34.141,274.141,20,00:00:00.667,0.667
101,8216,00:04:34.141,274.141,8347,00:04:38.512,278.512,131,00:00:04.371,4.371
102,8347,00:04:38.512,278.512,8478,00:04:42.883,282.883,131,00:00:04.371,4.371
103,8478,00:04:42.883,282.883,8523,00:04:44.384,284.384,45,00:00:01.502,1.502
104,8523,00:04:44.384,284.384,8575,00:04:46.119,286.119,52,00:00:01.735,1.735
105,8575,00:04:46.119,286.119,9333,00:05:11.411,311.411,758,00:00:25.292,25.292
